71
0 87 11.91000000 
1 86 12.25322034 
2 85 12.59154592 
3 83 12.92397498 
4 82 13.24927833 
5 81 13.56595528 
6 80 13.87219041 
7 78 14.16581997 
8 77 14.44432285 
9 76 14.70485838 
10 75 14.94437967 
11 73 15.15985098 
12 72 15.34858256 
13 71 15.50865982 
14 70 15.63938631 
15 68 15.74160615 
16 67 15.81776149 
17 66 15.87160889 
18 65 15.90765084 
19 63 15.93046067 
20 62 15.94411134 
21 61 15.95184514 
22 60 15.95600066 
23 58 15.95812292 
24 57 15.95915549 
25 56 15.95963520 
26 55 15.95984848 
27 53 15.95993939 
28 52 15.95997662 
29 51 15.95999129 
30 50 15.95999687 
31 48 15.95999891 
32 47 15.95999963 
33 46 15.95999988 
34 45 15.95999996 
35 43 15.95999999 
36 42 15.96000000 
37 41 15.96000000 
38 40 15.96000000 
39 38 15.96000000 
40 37 15.96000000 
41 36 15.96000000 
42 35 15.96000000 
43 33 15.96000000 
44 32 15.96000000 
45 31 15.96000000 
46 30 15.96000000 
47 28 15.96000000 
48 27 15.96000000 
49 26 15.96000000 
50 25 15.96000000 
51 23 15.96000000 
52 22 15.96000000 
53 21 15.96000000 
54 20 15.96000000 
55 18 15.96000000 
56 17 15.96000000 
57 16 15.96000000 
58 15 15.96000000 
59 13 15.96000000 
60 12 15.96000000 
61 11 15.96000000 
62 10 15.96000000 
63 8 15.96000000 
64 7 15.96000000 
65 6 15.96000000 
66 5 15.96000000 
67 3 15.96000000 
68 2 15.96000000 
69 1 15.96000000 
70 0 15.96000000 
